UNITS UM,1000;
EDIT proj;
ADD P9 :W0.000000  0.000,-26.000 10.000,-26.000 10.000,26.000 0.000,26.000;
ADD P12 :W0.000000  0.300,-25.700 9.700,-25.700 9.700,25.700 0.300,25.700;
ADD P11 :W0.000000  -0.500,-26.500 10.500,-26.500 10.500,26.500 -0.500,26.500;
ADD P10 :W0.000000  1.000,-25.000 9.000,-25.000 9.000,25.000 1.000,25.000;
ADD P9 :W0.000000  29.568,26.010 29.568,-26.010 10.000,-26.010 10.000,-26.000 9.990,-26.000 9.990,26.000 10.000,26.000 10.000,26.010;
ADD P12 :W0.000000  29.268,26.310 29.268,-26.310 10.300,-26.310 10.300,-25.700 9.690,-25.700 9.690,25.700 10.300,25.700 10.300,26.310;
ADD P11 :W0.000000  9.500,26.510 9.500,26.500 9.490,26.500 9.490,-26.500 9.500,-26.500 9.500,-26.510 30.068,-26.510 30.068,26.510;
ADD P10 :W0.000000  28.568,27.010 28.568,-27.010 11.000,-27.010 11.000,-25.000 8.990,-25.000 8.990,25.000 11.000,25.000 11.000,27.010;
ADD P9 :W0.000000  10.000,-26.000 10.000,-339.395 29.568,-339.395 29.568,-26.000;
ADD P12 :W0.000000  10.300,-26.300 10.300,-339.095 29.268,-339.095 29.268,-26.300;
ADD P11 :W0.000000  9.500,-25.500 9.500,-339.895 30.068,-339.895 30.068,-25.500;
ADD P10 :W0.000000  11.000,-27.000 11.000,-338.395 28.568,-338.395 28.568,-27.000;
ADD P9 :W0.000000  10.000,-339.385 10.000,-339.495 10.001,-339.495 10.003,-339.740 10.012,-340.085 10.027,-340.430 10.048,-340.775 10.075,-341.119 10.108,-341.463 10.147,-341.806 10.192,-342.148 10.243,-342.490 10.300,-342.830 10.363,-343.170 10.432,-343.508 10.507,-343.845 10.588,-344.181 10.674,-344.516 10.766,-344.848 10.864,-345.179 10.968,-345.509 11.078,-345.836 11.193,-346.162 11.314,-346.485 11.440,-346.806 11.573,-347.125 11.710,-347.442 11.853,-347.756 12.002,-348.068 12.156,-348.377 12.316,-348.683 12.480,-348.987 12.650,-349.287 12.826,-349.585 13.006,-349.879 13.192,-350.170 13.382,-350.458 13.578,-350.743 13.778,-351.024 13.984,-351.301 14.194,-351.575 14.409,-351.846 14.628,-352.112 14.853,-352.375 15.082,-352.633 15.315,-352.888 15.552,-353.138 15.794,-353.385 16.041,-353.627 16.291,-353.864 16.546,-354.097 16.804,-354.326 17.067,-354.551 17.333,-354.770 17.604,-354.985 17.878,-355.195 18.155,-355.401 18.436,-355.601 18.721,-355.797 19.009,-355.987 19.300,-356.173 19.594,-356.353 19.892,-356.529 20.192,-356.699 20.496,-356.863 20.802,-357.023 21.111,-357.177 21.423,-357.326 21.737,-357.469 22.054,-357.606 22.373,-357.739 22.694,-357.865 23.017,-357.986 23.343,-358.101 23.670,-358.211 24.000,-358.315 24.331,-358.413 24.663,-358.505 24.998,-358.591 25.334,-358.672 25.671,-358.747 26.009,-358.816 26.349,-358.879 26.689,-358.936 27.031,-358.987 27.373,-359.032 27.716,-359.071 28.060,-359.104 28.404,-359.131 28.749,-359.152 29.094,-359.167 29.439,-359.176 29.684,-359.178 29.684,-359.179 29.794,-359.179 29.794,-339.611 29.773,-339.611 29.769,-339.610 29.761,-339.610 29.758,-339.609 29.754,-339.609 29.750,-339.608 29.747,-339.608 29.735,-339.605 29.732,-339.604 29.728,-339.603 29.725,-339.602 29.717,-339.600 29.714,-339.599 29.710,-339.598 29.707,-339.597 29.703,-339.595 29.700,-339.594 29.696,-339.592 29.693,-339.591 29.689,-339.589 29.686,-339.587 29.683,-339.586 29.679,-339.584 29.670,-339.578 29.666,-339.576 29.657,-339.570 29.654,-339.567 29.648,-339.563 29.645,-339.560 29.642,-339.558 29.640,-339.555 29.637,-339.553 29.634,-339.550 29.631,-339.548 29.629,-339.545 29.626,-339.542 29.624,-339.539 29.621,-339.537 29.619,-339.534 29.616,-339.531 29.612,-339.525 29.609,-339.522 29.603,-339.513 29.601,-339.509 29.595,-339.500 29.593,-339.496 29.592,-339.493 29.590,-339.490 29.588,-339.486 29.587,-339.483 29.585,-339.479 29.584,-339.476 29.582,-339.472 29.581,-339.469 29.580,-339.465 29.579,-339.462 29.577,-339.454 29.576,-339.451 29.575,-339.447 29.574,-339.444 29.571,-339.432 29.571,-339.429 29.570,-339.425 29.570,-339.421 29.569,-339.418 29.569,-339.410 29.568,-339.406 29.568,-339.385;
ADD P12 :W0.000000  10.300,-339.085 10.300,-339.371 10.303,-339.735 10.312,-340.075 10.327,-340.414 10.347,-340.754 10.374,-341.093 10.406,-341.432 10.445,-341.769 10.489,-342.106 10.539,-342.443 10.595,-342.778 10.657,-343.113 10.725,-343.445 10.799,-343.777 10.879,-344.109 10.964,-344.439 11.054,-344.765 11.151,-345.091 11.253,-345.416 11.362,-345.738 11.475,-346.059 11.594,-346.378 11.718,-346.693 11.849,-347.008 11.984,-347.320 12.125,-347.629 12.272,-347.936 12.423,-348.241 12.581,-348.542 12.743,-348.842 12.910,-349.137 13.083,-349.430 13.260,-349.720 13.444,-350.007 13.631,-350.290 13.824,-350.571 14.021,-350.847 14.223,-351.120 14.431,-351.391 14.642,-351.657 14.858,-351.919 15.079,-352.178 15.305,-352.432 15.535,-352.684 15.768,-352.930 16.006,-353.173 16.249,-353.411 16.495,-353.644 16.747,-353.874 17.001,-354.100 17.260,-354.321 17.522,-354.537 17.788,-354.748 18.059,-354.956 18.332,-355.158 18.608,-355.355 18.889,-355.548 19.172,-355.735 19.459,-355.919 19.749,-356.096 20.042,-356.269 20.337,-356.436 20.637,-356.598 20.938,-356.756 21.243,-356.907 21.550,-357.054 21.859,-357.195 22.171,-357.330 22.486,-357.461 22.801,-357.585 23.120,-357.704 23.441,-357.817 23.763,-357.926 24.088,-358.028 24.414,-358.125 24.740,-358.215 25.070,-358.300 25.402,-358.380 25.734,-358.454 26.066,-358.522 26.401,-358.584 26.736,-358.640 27.073,-358.690 27.410,-358.734 27.747,-358.773 28.086,-358.805 28.425,-358.832 28.765,-358.852 29.104,-358.867 29.444,-358.876 29.808,-358.879 30.094,-358.879 30.094,-339.911 29.736,-339.911 29.732,-339.910 29.712,-339.910 29.695,-339.904 29.651,-339.893 29.648,-339.892 29.644,-339.891 29.641,-339.890 29.633,-339.888 29.630,-339.887 29.626,-339.886 29.592,-339.875 29.588,-339.873 29.585,-339.872 29.581,-339.870 29.578,-339.869 29.528,-339.844 29.519,-339.838 29.515,-339.836 29.466,-339.803 29.463,-339.800 29.457,-339.796 29.454,-339.793 29.426,-339.774 29.422,-339.770 29.415,-339.764 29.409,-339.757 29.405,-339.753 29.386,-339.725 29.383,-339.722 29.379,-339.716 29.376,-339.713 29.343,-339.664 29.341,-339.660 29.335,-339.651 29.310,-339.601 29.309,-339.598 29.307,-339.594 29.306,-339.591 29.304,-339.587 29.293,-339.553 29.292,-339.549 29.291,-339.546 29.289,-339.538 29.288,-339.535 29.287,-339.531 29.286,-339.528 29.275,-339.484 29.269,-339.467 29.269,-339.447 29.268,-339.443 29.268,-339.085;
ADD P11 :W0.000000  9.500,-338.885 9.500,-339.895 9.512,-340.103 9.528,-340.457 9.549,-340.810 9.577,-341.163 9.611,-341.515 9.651,-341.867 9.697,-342.218 9.750,-342.568 9.808,-342.917 9.873,-343.265 9.943,-343.612 10.020,-343.958 10.102,-344.302 10.191,-344.645 10.286,-344.986 10.386,-345.326 10.493,-345.663 10.605,-345.999 10.723,-346.333 10.847,-346.664 10.977,-346.994 11.112,-347.321 11.254,-347.645 11.400,-347.967 11.553,-348.287 11.711,-348.604 11.874,-348.918 12.043,-349.229 12.217,-349.537 12.397,-349.842 12.582,-350.144 12.772,-350.443 12.968,-350.738 13.168,-351.030 13.374,-351.318 13.584,-351.602 13.800,-351.883 14.020,-352.160 14.245,-352.433 14.475,-352.703 14.710,-352.968 14.949,-353.229 15.193,-353.486 15.441,-353.738 15.693,-353.986 15.950,-354.230 16.211,-354.469 16.476,-354.704 16.746,-354.934 17.019,-355.159 17.296,-355.379 17.577,-355.595 17.861,-355.805 18.149,-356.011 18.441,-356.211 18.736,-356.407 19.035,-356.597 19.337,-356.782 19.642,-356.962 19.950,-357.136 20.261,-357.305 20.575,-357.468 20.892,-357.626 21.212,-357.779 21.534,-357.925 21.858,-358.067 22.185,-358.202 22.515,-358.332 22.846,-358.456 23.180,-358.574 23.516,-358.686 23.853,-358.793 24.193,-358.893 24.534,-358.988 24.877,-359.077 25.221,-359.159 25.567,-359.236 25.914,-359.306 26.262,-359.371 26.611,-359.429 26.961,-359.482 27.312,-359.528 27.664,-359.568 28.016,-359.602 28.369,-359.630 28.722,-359.651 29.076,-359.667 29.284,-359.679 30.294,-359.679 30.294,-339.111 30.068,-339.111 30.068,-338.885;
ADD P10 :W0.000000  11.000,-338.385 11.000,-339.368 11.003,-339.723 11.011,-340.050 11.026,-340.378 11.046,-340.705 11.071,-341.032 11.103,-341.359 11.140,-341.684 11.182,-342.009 11.231,-342.334 11.285,-342.656 11.345,-342.979 11.410,-343.299 11.481,-343.619 11.558,-343.939 11.640,-344.258 11.727,-344.573 11.820,-344.887 11.919,-345.199 12.023,-345.510 12.133,-345.820 12.248,-346.127 12.367,-346.431 12.494,-346.734 12.624,-347.036 12.759,-347.333 12.901,-347.629 13.047,-347.922 13.199,-348.214 13.355,-348.503 13.516,-348.786 13.683,-349.070 13.854,-349.349 14.031,-349.625 14.211,-349.899 14.397,-350.170 14.587,-350.436 14.782,-350.698 14.983,-350.960 15.187,-351.217 15.394,-351.469 15.607,-351.718 15.825,-351.964 16.047,-352.207 16.272,-352.444 16.501,-352.678 16.735,-352.907 16.972,-353.132 17.215,-353.354 17.461,-353.572 17.710,-353.785 17.962,-353.992 18.219,-354.196 18.481,-354.397 18.743,-354.592 19.009,-354.782 19.280,-354.968 19.554,-355.148 19.830,-355.325 20.109,-355.496 20.393,-355.663 20.676,-355.824 20.965,-355.980 21.257,-356.132 21.550,-356.278 21.846,-356.420 22.143,-356.555 22.445,-356.685 22.748,-356.812 23.052,-356.931 23.359,-357.046 23.669,-357.156 23.980,-357.260 24.292,-357.359 24.606,-357.452 24.921,-357.539 25.240,-357.621 25.560,-357.698 25.880,-357.769 26.200,-357.834 26.523,-357.894 26.845,-357.948 27.170,-357.997 27.495,-358.039 27.820,-358.076 28.147,-358.108 28.474,-358.133 28.801,-358.153 29.129,-358.168 29.456,-358.176 29.811,-358.179 30.794,-358.179 30.794,-340.611 29.650,-340.611 29.646,-340.610 29.599,-340.610 29.499,-340.577 29.455,-340.566 29.452,-340.565 29.448,-340.564 29.445,-340.563 29.437,-340.561 29.434,-340.560 29.430,-340.559 29.323,-340.523 29.319,-340.521 29.316,-340.520 29.312,-340.518 29.309,-340.517 29.176,-340.451 29.167,-340.445 29.163,-340.443 29.020,-340.347 29.017,-340.344 29.011,-340.340 29.008,-340.337 28.921,-340.279 28.918,-340.274 28.910,-340.269 28.905,-340.261 28.900,-340.258 28.842,-340.171 28.839,-340.168 28.835,-340.162 28.832,-340.159 28.736,-340.016 28.734,-340.012 28.728,-340.003 28.662,-339.870 28.661,-339.867 28.659,-339.863 28.658,-339.860 28.656,-339.856 28.620,-339.749 28.619,-339.745 28.618,-339.742 28.616,-339.734 28.615,-339.731 28.614,-339.727 28.613,-339.724 28.602,-339.680 28.569,-339.580 28.569,-339.533 28.568,-339.529 28.568,-338.385;
ADD P9 :W0.000000  29.784,-359.179 326.179,-359.179 326.179,-339.611 29.784,-339.611;
ADD P12 :W0.000000  30.084,-358.879 325.879,-358.879 325.879,-339.911 30.084,-339.911;
ADD P11 :W0.000000  29.284,-359.679 326.679,-359.679 326.679,-339.111 29.284,-339.111;
ADD P10 :W0.000000  30.784,-358.179 325.179,-358.179 325.179,-340.611 30.784,-340.611;
ADD P9 :W0.000000  326.169,-359.179 326.279,-359.179 326.279,-359.178 326.524,-359.176 326.869,-359.167 327.214,-359.152 327.559,-359.131 327.903,-359.104 328.247,-359.071 328.590,-359.032 328.932,-358.987 329.274,-358.936 329.614,-358.879 329.954,-358.816 330.292,-358.747 330.629,-358.672 330.965,-358.591 331.300,-358.505 331.632,-358.413 331.963,-358.315 332.293,-358.211 332.620,-358.101 332.946,-357.986 333.269,-357.865 333.590,-357.739 333.909,-357.606 334.226,-357.469 334.540,-357.326 334.852,-357.177 335.161,-357.023 335.467,-356.863 335.771,-356.699 336.071,-356.529 336.369,-356.353 336.663,-356.173 336.954,-355.987 337.242,-355.797 337.527,-355.601 337.808,-355.401 338.085,-355.195 338.359,-354.985 338.630,-354.770 338.896,-354.551 339.159,-354.326 339.417,-354.097 339.672,-353.864 339.922,-353.627 340.169,-353.385 340.411,-353.138 340.648,-352.888 340.881,-352.633 341.110,-352.375 341.335,-352.112 341.554,-351.846 341.769,-351.575 341.979,-351.301 342.185,-351.024 342.385,-350.743 342.581,-350.458 342.771,-350.170 342.957,-349.879 343.137,-349.585 343.313,-349.287 343.483,-348.987 343.647,-348.683 343.807,-348.377 343.961,-348.068 344.110,-347.756 344.253,-347.442 344.390,-347.125 344.523,-346.806 344.649,-346.485 344.770,-346.162 344.885,-345.836 344.995,-345.509 345.099,-345.179 345.197,-344.848 345.289,-344.516 345.375,-344.181 345.456,-343.845 345.531,-343.508 345.600,-343.170 345.663,-342.830 345.720,-342.490 345.771,-342.148 345.816,-341.806 345.855,-341.463 345.888,-341.119 345.915,-340.775 345.936,-340.430 345.951,-340.085 345.960,-339.740 345.962,-339.495 345.963,-339.495 345.963,-339.385 326.395,-339.385 326.395,-339.406 326.394,-339.410 326.394,-339.418 326.393,-339.421 326.393,-339.425 326.392,-339.429 326.392,-339.432 326.389,-339.444 326.388,-339.447 326.387,-339.451 326.386,-339.454 326.384,-339.462 326.383,-339.465 326.382,-339.469 326.381,-339.472 326.379,-339.476 326.378,-339.479 326.376,-339.483 326.375,-339.486 326.373,-339.490 326.371,-339.493 326.370,-339.496 326.368,-339.500 326.362,-339.509 326.360,-339.513 326.354,-339.522 326.351,-339.525 326.347,-339.531 326.344,-339.534 326.342,-339.537 326.339,-339.539 326.337,-339.542 326.334,-339.545 326.332,-339.548 326.329,-339.550 326.326,-339.553 326.323,-339.555 326.321,-339.558 326.318,-339.560 326.315,-339.563 326.309,-339.567 326.306,-339.570 326.297,-339.576 326.293,-339.578 326.284,-339.584 326.280,-339.586 326.277,-339.587 326.274,-339.589 326.270,-339.591 326.267,-339.592 326.263,-339.594 326.260,-339.595 326.256,-339.597 326.253,-339.598 326.249,-339.599 326.246,-339.600 326.238,-339.602 326.235,-339.603 326.231,-339.604 326.228,-339.605 326.216,-339.608 326.213,-339.608 326.209,-339.609 326.205,-339.609 326.202,-339.610 326.194,-339.610 326.190,-339.611 326.169,-339.611;
ADD P12 :W0.000000  325.869,-358.879 326.155,-358.879 326.519,-358.876 326.859,-358.867 327.198,-358.852 327.538,-358.832 327.877,-358.805 328.216,-358.773 328.553,-358.734 328.890,-358.690 329.227,-358.640 329.562,-358.584 329.897,-358.522 330.229,-358.454 330.561,-358.380 330.893,-358.300 331.223,-358.215 331.549,-358.125 331.875,-358.028 332.200,-357.926 332.522,-357.817 332.843,-357.704 333.162,-357.585 333.477,-357.461 333.792,-357.330 334.104,-357.195 334.413,-357.054 334.720,-356.907 335.025,-356.756 335.326,-356.598 335.626,-356.436 335.921,-356.269 336.214,-356.096 336.504,-355.919 336.791,-355.735 337.074,-355.548 337.355,-355.355 337.631,-355.158 337.904,-354.956 338.175,-354.748 338.441,-354.537 338.703,-354.321 338.962,-354.100 339.216,-353.874 339.468,-353.644 339.714,-353.411 339.957,-353.173 340.195,-352.930 340.428,-352.684 340.658,-352.432 340.884,-352.178 341.105,-351.919 341.321,-351.657 341.532,-351.391 341.740,-351.120 341.942,-350.847 342.139,-350.571 342.332,-350.290 342.519,-350.007 342.703,-349.720 342.880,-349.430 343.053,-349.137 343.220,-348.842 343.382,-348.542 343.540,-348.241 343.691,-347.936 343.838,-347.629 343.979,-347.320 344.114,-347.008 344.245,-346.693 344.369,-346.378 344.488,-346.059 344.601,-345.738 344.710,-345.416 344.812,-345.091 344.909,-344.765 344.999,-344.439 345.084,-344.109 345.164,-343.777 345.238,-343.445 345.306,-343.113 345.368,-342.778 345.424,-342.443 345.474,-342.106 345.518,-341.769 345.557,-341.432 345.589,-341.093 345.616,-340.754 345.636,-340.414 345.651,-340.075 345.660,-339.735 345.663,-339.371 345.663,-339.085 326.695,-339.085 326.695,-339.443 326.694,-339.447 326.694,-339.467 326.688,-339.484 326.677,-339.528 326.676,-339.531 326.675,-339.535 326.674,-339.538 326.672,-339.546 326.671,-339.549 326.670,-339.553 326.659,-339.587 326.657,-339.591 326.656,-339.594 326.654,-339.598 326.653,-339.601 326.628,-339.651 326.622,-339.660 326.620,-339.664 326.587,-339.713 326.584,-339.716 326.580,-339.722 326.577,-339.725 326.558,-339.753 326.554,-339.757 326.548,-339.764 326.541,-339.770 326.537,-339.774 326.509,-339.793 326.506,-339.796 326.500,-339.800 326.497,-339.803 326.448,-339.836 326.444,-339.838 326.435,-339.844 326.385,-339.869 326.382,-339.870 326.378,-339.872 326.375,-339.873 326.371,-339.875 326.337,-339.886 326.333,-339.887 326.330,-339.888 326.322,-339.890 326.319,-339.891 326.315,-339.892 326.312,-339.893 326.268,-339.904 326.251,-339.910 326.231,-339.910 326.227,-339.911 325.869,-339.911;
ADD P11 :W0.000000  325.669,-359.679 326.679,-359.679 326.887,-359.667 327.241,-359.651 327.594,-359.630 327.947,-359.602 328.299,-359.568 328.651,-359.528 329.002,-359.482 329.352,-359.429 329.701,-359.371 330.049,-359.306 330.396,-359.236 330.742,-359.159 331.086,-359.077 331.429,-358.988 331.770,-358.893 332.110,-358.793 332.447,-358.686 332.783,-358.574 333.117,-358.456 333.448,-358.332 333.778,-358.202 334.105,-358.067 334.429,-357.925 334.751,-357.779 335.071,-357.626 335.388,-357.468 335.702,-357.305 336.013,-357.136 336.321,-356.962 336.626,-356.782 336.928,-356.597 337.227,-356.407 337.522,-356.211 337.814,-356.011 338.102,-355.805 338.386,-355.595 338.667,-355.379 338.944,-355.159 339.217,-354.934 339.487,-354.704 339.752,-354.469 340.013,-354.230 340.270,-353.986 340.522,-353.738 340.770,-353.486 341.014,-353.229 341.253,-352.968 341.488,-352.703 341.718,-352.433 341.943,-352.160 342.163,-351.883 342.379,-351.602 342.589,-351.318 342.795,-351.030 342.995,-350.738 343.191,-350.443 343.381,-350.144 343.566,-349.842 343.746,-349.537 343.920,-349.229 344.089,-348.918 344.252,-348.604 344.410,-348.287 344.563,-347.967 344.709,-347.645 344.851,-347.321 344.986,-346.994 345.116,-346.664 345.240,-346.333 345.358,-345.999 345.470,-345.663 345.577,-345.326 345.677,-344.986 345.772,-344.645 345.861,-344.302 345.943,-343.958 346.020,-343.612 346.090,-343.265 346.155,-342.917 346.213,-342.568 346.266,-342.218 346.312,-341.867 346.352,-341.515 346.386,-341.163 346.414,-340.810 346.435,-340.457 346.451,-340.103 346.463,-339.895 346.463,-338.885 325.895,-338.885 325.895,-339.111 325.669,-339.111;
ADD P10 :W0.000000  325.169,-358.179 326.152,-358.179 326.507,-358.176 326.834,-358.168 327.162,-358.153 327.489,-358.133 327.816,-358.108 328.143,-358.076 328.468,-358.039 328.793,-357.997 329.118,-357.948 329.440,-357.894 329.763,-357.834 330.083,-357.769 330.403,-357.698 330.723,-357.621 331.042,-357.539 331.357,-357.452 331.671,-357.359 331.983,-357.260 332.294,-357.156 332.604,-357.046 332.911,-356.931 333.215,-356.812 333.518,-356.685 333.820,-356.555 334.117,-356.420 334.413,-356.278 334.706,-356.132 334.998,-355.980 335.287,-355.824 335.570,-355.663 335.854,-355.496 336.133,-355.325 336.409,-355.148 336.683,-354.968 336.954,-354.782 337.220,-354.592 337.482,-354.397 337.744,-354.196 338.001,-353.992 338.253,-353.785 338.502,-353.572 338.748,-353.354 338.991,-353.132 339.228,-352.907 339.462,-352.678 339.691,-352.444 339.916,-352.207 340.138,-351.964 340.356,-351.718 340.569,-351.469 340.776,-351.217 340.980,-350.960 341.181,-350.698 341.376,-350.436 341.566,-350.170 341.752,-349.899 341.932,-349.625 342.109,-349.349 342.280,-349.070 342.447,-348.786 342.608,-348.503 342.764,-348.214 342.916,-347.922 343.062,-347.629 343.204,-347.333 343.339,-347.036 343.469,-346.734 343.596,-346.431 343.715,-346.127 343.830,-345.820 343.940,-345.510 344.044,-345.199 344.143,-344.887 344.236,-344.573 344.323,-344.258 344.405,-343.939 344.482,-343.619 344.553,-343.299 344.618,-342.979 344.678,-342.656 344.732,-342.334 344.781,-342.009 344.823,-341.684 344.860,-341.359 344.892,-341.032 344.917,-340.705 344.937,-340.378 344.952,-340.050 344.960,-339.723 344.963,-339.368 344.963,-338.385 327.395,-338.385 327.395,-339.529 327.394,-339.533 327.394,-339.580 327.361,-339.680 327.350,-339.724 327.349,-339.727 327.348,-339.731 327.347,-339.734 327.345,-339.742 327.344,-339.745 327.343,-339.749 327.307,-339.856 327.305,-339.860 327.304,-339.863 327.302,-339.867 327.301,-339.870 327.235,-340.003 327.229,-340.012 327.227,-340.016 327.131,-340.159 327.128,-340.162 327.124,-340.168 327.121,-340.171 327.063,-340.258 327.058,-340.261 327.053,-340.269 327.045,-340.274 327.042,-340.279 326.955,-340.337 326.952,-340.340 326.946,-340.344 326.943,-340.347 326.800,-340.443 326.796,-340.445 326.787,-340.451 326.654,-340.517 326.651,-340.518 326.647,-340.520 326.644,-340.521 326.640,-340.523 326.533,-340.559 326.529,-340.560 326.526,-340.561 326.518,-340.563 326.515,-340.564 326.511,-340.565 326.508,-340.566 326.464,-340.577 326.364,-340.610 326.317,-340.610 326.313,-340.611 325.169,-340.611;
ADD P9 :W0.000000  345.963,-339.395 345.963,-60.000 326.395,-60.000 326.395,-339.395;
ADD P12 :W0.000000  345.663,-339.095 345.663,-60.300 326.695,-60.300 326.695,-339.095;
ADD P11 :W0.000000  346.463,-339.895 346.463,-59.500 325.895,-59.500 325.895,-339.895;
ADD P10 :W0.000000  344.963,-338.395 344.963,-61.000 327.395,-61.000 327.395,-338.395;
ADD P9 :W0.000000  326.395,-60.010 326.395,-7.990 345.963,-7.990 345.963,-8.000 345.973,-8.000 345.973,-60.000 345.963,-60.000 345.963,-60.010;
ADD P12 :W0.000000  326.695,-60.310 326.695,-7.690 345.663,-7.690 345.663,-8.300 346.273,-8.300 346.273,-59.700 345.663,-59.700 345.663,-60.310;
ADD P11 :W0.000000  346.463,-60.510 346.463,-60.500 346.473,-60.500 346.473,-7.500 346.463,-7.500 346.463,-7.490 325.895,-7.490 325.895,-60.510;
ADD P10 :W0.000000  327.395,-61.010 327.395,-6.990 344.963,-6.990 344.963,-9.000 346.973,-9.000 346.973,-59.000 344.963,-59.000 344.963,-61.010;
ADD P9 :W0.000000  345.963,-60.000 353.963,-60.000 353.963,-8.000 345.963,-8.000;
ADD P12 :W0.000000  346.263,-59.700 353.663,-59.700 353.663,-8.300 346.263,-8.300;
ADD P11 :W0.000000  345.463,-60.500 354.463,-60.500 354.463,-7.500 345.463,-7.500;
ADD P10 :W0.000000  346.963,-59.000 352.963,-59.000 352.963,-9.000 346.963,-9.000;
ADD P8 :W0.000000  333.629,7.000 333.629,-7.000 338.729,-7.000 338.729,7.000;
ADD P9 :W0.000000  333.129,8.000 333.129,5.000 339.229,5.000 339.229,8.000;
ADD P9 :W0.000000  333.129,-5.000 333.129,-8.000 339.229,-8.000 339.229,-5.000;
ADD P9 :W0.000000  326.395,7.990 326.395,60.010 345.963,60.010 345.963,60.000 345.973,60.000 345.973,8.000 345.963,8.000 345.963,7.990;
ADD P12 :W0.000000  326.695,7.690 326.695,60.310 345.663,60.310 345.663,59.700 346.273,59.700 346.273,8.300 345.663,8.300 345.663,7.690;
ADD P11 :W0.000000  346.463,7.490 346.463,7.500 346.473,7.500 346.473,60.500 346.463,60.500 346.463,60.510 325.895,60.510 325.895,7.490;
ADD P10 :W0.000000  327.395,6.990 327.395,61.010 344.963,61.010 344.963,59.000 346.973,59.000 346.973,9.000 344.963,9.000 344.963,6.990;
ADD P9 :W0.000000  345.963,8.000 353.963,8.000 353.963,60.000 345.963,60.000;
ADD P12 :W0.000000  346.263,8.300 353.663,8.300 353.663,59.700 346.263,59.700;
ADD P11 :W0.000000  345.463,7.500 354.463,7.500 354.463,60.500 345.463,60.500;
ADD P10 :W0.000000  346.963,9.000 352.963,9.000 352.963,59.000 346.963,59.000;
ADD P9 :W0.000000  345.963,60.000 345.963,339.395 326.395,339.395 326.395,60.000;
ADD P12 :W0.000000  345.663,60.300 345.663,339.095 326.695,339.095 326.695,60.300;
ADD P11 :W0.000000  346.463,59.500 346.463,339.895 325.895,339.895 325.895,59.500;
ADD P10 :W0.000000  344.963,61.000 344.963,338.395 327.395,338.395 327.395,61.000;
ADD P9 :W0.000000  345.963,339.385 345.963,339.495 345.962,339.495 345.960,339.740 345.951,340.085 345.936,340.430 345.915,340.775 345.888,341.119 345.855,341.463 345.816,341.806 345.771,342.148 345.720,342.490 345.663,342.830 345.600,343.170 345.531,343.508 345.456,343.845 345.375,344.181 345.289,344.516 345.197,344.848 345.099,345.179 344.995,345.509 344.885,345.836 344.770,346.162 344.649,346.485 344.523,346.806 344.390,347.125 344.253,347.442 344.110,347.756 343.961,348.068 343.807,348.377 343.647,348.683 343.483,348.987 343.313,349.287 343.137,349.585 342.957,349.879 342.771,350.170 342.581,350.458 342.385,350.743 342.185,351.024 341.979,351.301 341.769,351.575 341.554,351.846 341.335,352.112 341.110,352.375 340.881,352.633 340.648,352.888 340.411,353.138 340.169,353.385 339.922,353.627 339.672,353.864 339.417,354.097 339.159,354.326 338.896,354.551 338.630,354.770 338.359,354.985 338.085,355.195 337.808,355.401 337.527,355.601 337.242,355.797 336.954,355.987 336.663,356.173 336.369,356.353 336.071,356.529 335.771,356.699 335.467,356.863 335.161,357.023 334.852,357.177 334.540,357.326 334.226,357.469 333.909,357.606 333.590,357.739 333.269,357.865 332.946,357.986 332.620,358.101 332.293,358.211 331.963,358.315 331.632,358.413 331.300,358.505 330.965,358.591 330.629,358.672 330.292,358.747 329.954,358.816 329.614,358.879 329.274,358.936 328.932,358.987 328.590,359.032 328.247,359.071 327.903,359.104 327.559,359.131 327.214,359.152 326.869,359.167 326.524,359.176 326.279,359.178 326.279,359.179 326.169,359.179 326.169,339.611 326.190,339.611 326.194,339.610 326.202,339.610 326.205,339.609 326.209,339.609 326.213,339.608 326.216,339.608 326.228,339.605 326.231,339.604 326.235,339.603 326.238,339.602 326.246,339.600 326.249,339.599 326.253,339.598 326.256,339.597 326.260,339.595 326.263,339.594 326.267,339.592 326.270,339.591 326.274,339.589 326.277,339.587 326.280,339.586 326.284,339.584 326.293,339.578 326.297,339.576 326.306,339.570 326.309,339.567 326.315,339.563 326.318,339.560 326.321,339.558 326.323,339.555 326.326,339.553 326.329,339.550 326.332,339.548 326.334,339.545 326.337,339.542 326.339,339.539 326.342,339.537 326.344,339.534 326.347,339.531 326.351,339.525 326.354,339.522 326.360,339.513 326.362,339.509 326.368,339.500 326.370,339.496 326.371,339.493 326.373,339.490 326.375,339.486 326.376,339.483 326.378,339.479 326.379,339.476 326.381,339.472 326.382,339.469 326.383,339.465 326.384,339.462 326.386,339.454 326.387,339.451 326.388,339.447 326.389,339.444 326.392,339.432 326.392,339.429 326.393,339.425 326.393,339.421 326.394,339.418 326.394,339.410 326.395,339.406 326.395,339.385;
ADD P12 :W0.000000  345.663,339.085 345.663,339.371 345.660,339.735 345.651,340.075 345.636,340.414 345.616,340.754 345.589,341.093 345.557,341.432 345.518,341.769 345.474,342.106 345.424,342.443 345.368,342.778 345.306,343.113 345.238,343.445 345.164,343.777 345.084,344.109 344.999,344.439 344.909,344.765 344.812,345.091 344.710,345.416 344.601,345.738 344.488,346.059 344.369,346.378 344.245,346.693 344.114,347.008 343.979,347.320 343.838,347.629 343.691,347.936 343.540,348.241 343.382,348.542 343.220,348.842 343.053,349.137 342.880,349.430 342.703,349.720 342.519,350.007 342.332,350.290 342.139,350.571 341.942,350.847 341.740,351.120 341.532,351.391 341.321,351.657 341.105,351.919 340.884,352.178 340.658,352.432 340.428,352.684 340.195,352.930 339.957,353.173 339.714,353.411 339.468,353.644 339.216,353.874 338.962,354.100 338.703,354.321 338.441,354.537 338.175,354.748 337.904,354.956 337.631,355.158 337.355,355.355 337.074,355.548 336.791,355.735 336.504,355.919 336.214,356.096 335.921,356.269 335.626,356.436 335.326,356.598 335.025,356.756 334.720,356.907 334.413,357.054 334.104,357.195 333.792,357.330 333.477,357.461 333.162,357.585 332.843,357.704 332.522,357.817 332.200,357.926 331.875,358.028 331.549,358.125 331.223,358.215 330.893,358.300 330.561,358.380 330.229,358.454 329.897,358.522 329.562,358.584 329.227,358.640 328.890,358.690 328.553,358.734 328.216,358.773 327.877,358.805 327.538,358.832 327.198,358.852 326.859,358.867 326.519,358.876 326.155,358.879 325.869,358.879 325.869,339.911 326.227,339.911 326.231,339.910 326.251,339.910 326.268,339.904 326.312,339.893 326.315,339.892 326.319,339.891 326.322,339.890 326.330,339.888 326.333,339.887 326.337,339.886 326.371,339.875 326.375,339.873 326.378,339.872 326.382,339.870 326.385,339.869 326.435,339.844 326.444,339.838 326.448,339.836 326.497,339.803 326.500,339.800 326.506,339.796 326.509,339.793 326.537,339.774 326.541,339.770 326.548,339.764 326.554,339.757 326.558,339.753 326.577,339.725 326.580,339.722 326.584,339.716 326.587,339.713 326.620,339.664 326.622,339.660 326.628,339.651 326.653,339.601 326.654,339.598 326.656,339.594 326.657,339.591 326.659,339.587 326.670,339.553 326.671,339.549 326.672,339.546 326.674,339.538 326.675,339.535 326.676,339.531 326.677,339.528 326.688,339.484 326.694,339.467 326.694,339.447 326.695,339.443 326.695,339.085;
ADD P11 :W0.000000  346.463,338.885 346.463,339.895 346.451,340.103 346.435,340.457 346.414,340.810 346.386,341.163 346.352,341.515 346.312,341.867 346.266,342.218 346.213,342.568 346.155,342.917 346.090,343.265 346.020,343.612 345.943,343.958 345.861,344.302 345.772,344.645 345.677,344.986 345.577,345.326 345.470,345.663 345.358,345.999 345.240,346.333 345.116,346.664 344.986,346.994 344.851,347.321 344.709,347.645 344.563,347.967 344.410,348.287 344.252,348.604 344.089,348.918 343.920,349.229 343.746,349.537 343.566,349.842 343.381,350.144 343.191,350.443 342.995,350.738 342.795,351.030 342.589,351.318 342.379,351.602 342.163,351.883 341.943,352.160 341.718,352.433 341.488,352.703 341.253,352.968 341.014,353.229 340.770,353.486 340.522,353.738 340.270,353.986 340.013,354.230 339.752,354.469 339.487,354.704 339.217,354.934 338.944,355.159 338.667,355.379 338.386,355.595 338.102,355.805 337.814,356.011 337.522,356.211 337.227,356.407 336.928,356.597 336.626,356.782 336.321,356.962 336.013,357.136 335.702,357.305 335.388,357.468 335.071,357.626 334.751,357.779 334.429,357.925 334.105,358.067 333.778,358.202 333.448,358.332 333.117,358.456 332.783,358.574 332.447,358.686 332.110,358.793 331.770,358.893 331.429,358.988 331.086,359.077 330.742,359.159 330.396,359.236 330.049,359.306 329.701,359.371 329.352,359.429 329.002,359.482 328.651,359.528 328.299,359.568 327.947,359.602 327.594,359.630 327.241,359.651 326.887,359.667 326.679,359.679 325.669,359.679 325.669,339.111 325.895,339.111 325.895,338.885;
ADD P10 :W0.000000  344.963,338.385 344.963,339.368 344.960,339.723 344.952,340.050 344.937,340.378 344.917,340.705 344.892,341.032 344.860,341.359 344.823,341.684 344.781,342.009 344.732,342.334 344.678,342.656 344.618,342.979 344.553,343.299 344.482,343.619 344.405,343.939 344.323,344.258 344.236,344.573 344.143,344.887 344.044,345.199 343.940,345.510 343.830,345.820 343.715,346.127 343.596,346.431 343.469,346.734 343.339,347.036 343.204,347.333 343.062,347.629 342.916,347.922 342.764,348.214 342.608,348.503 342.447,348.786 342.280,349.070 342.109,349.349 341.932,349.625 341.752,349.899 341.566,350.170 341.376,350.436 341.181,350.698 340.980,350.960 340.776,351.217 340.569,351.469 340.356,351.718 340.138,351.964 339.916,352.207 339.691,352.444 339.462,352.678 339.228,352.907 338.991,353.132 338.748,353.354 338.502,353.572 338.253,353.785 338.001,353.992 337.744,354.196 337.482,354.397 337.220,354.592 336.954,354.782 336.683,354.968 336.409,355.148 336.133,355.325 335.854,355.496 335.570,355.663 335.287,355.824 334.998,355.980 334.706,356.132 334.413,356.278 334.117,356.420 333.820,356.555 333.518,356.685 333.215,356.812 332.911,356.931 332.604,357.046 332.294,357.156 331.983,357.260 331.671,357.359 331.357,357.452 331.042,357.539 330.723,357.621 330.403,357.698 330.083,357.769 329.763,357.834 329.440,357.894 329.118,357.948 328.793,357.997 328.468,358.039 328.143,358.076 327.816,358.108 327.489,358.133 327.162,358.153 326.834,358.168 326.507,358.176 326.152,358.179 325.169,358.179 325.169,340.611 326.313,340.611 326.317,340.610 326.364,340.610 326.464,340.577 326.508,340.566 326.511,340.565 326.515,340.564 326.518,340.563 326.526,340.561 326.529,340.560 326.533,340.559 326.640,340.523 326.644,340.521 326.647,340.520 326.651,340.518 326.654,340.517 326.787,340.451 326.796,340.445 326.800,340.443 326.943,340.347 326.946,340.344 326.952,340.340 326.955,340.337 327.042,340.279 327.045,340.274 327.053,340.269 327.058,340.261 327.063,340.258 327.121,340.171 327.124,340.168 327.128,340.162 327.131,340.159 327.227,340.016 327.229,340.012 327.235,340.003 327.301,339.870 327.302,339.867 327.304,339.863 327.305,339.860 327.307,339.856 327.343,339.749 327.344,339.745 327.345,339.742 327.347,339.734 327.348,339.731 327.349,339.727 327.350,339.724 327.361,339.680 327.394,339.580 327.394,339.533 327.395,339.529 327.395,338.385;
ADD P9 :W0.000000  326.179,359.179 29.784,359.179 29.784,339.611 326.179,339.611;
ADD P12 :W0.000000  325.879,358.879 30.084,358.879 30.084,339.911 325.879,339.911;
ADD P11 :W0.000000  326.679,359.679 29.284,359.679 29.284,339.111 326.679,339.111;
ADD P10 :W0.000000  325.179,358.179 30.784,358.179 30.784,340.611 325.179,340.611;
ADD P9 :W0.000000  29.794,359.179 29.684,359.179 29.684,359.178 29.439,359.176 29.094,359.167 28.749,359.152 28.404,359.131 28.060,359.104 27.716,359.071 27.373,359.032 27.031,358.987 26.689,358.936 26.349,358.879 26.009,358.816 25.671,358.747 25.334,358.672 24.998,358.591 24.663,358.505 24.331,358.413 24.000,358.315 23.670,358.211 23.343,358.101 23.017,357.986 22.694,357.865 22.373,357.739 22.054,357.606 21.737,357.469 21.423,357.326 21.111,357.177 20.802,357.023 20.496,356.863 20.192,356.699 19.892,356.529 19.594,356.353 19.300,356.173 19.009,355.987 18.721,355.797 18.436,355.601 18.155,355.401 17.878,355.195 17.604,354.985 17.333,354.770 17.067,354.551 16.804,354.326 16.546,354.097 16.291,353.864 16.041,353.627 15.794,353.385 15.552,353.138 15.315,352.888 15.082,352.633 14.853,352.375 14.628,352.112 14.409,351.846 14.194,351.575 13.984,351.301 13.778,351.024 13.578,350.743 13.382,350.458 13.192,350.170 13.006,349.879 12.826,349.585 12.650,349.287 12.480,348.987 12.316,348.683 12.156,348.377 12.002,348.068 11.853,347.756 11.710,347.442 11.573,347.125 11.440,346.806 11.314,346.485 11.193,346.162 11.078,345.836 10.968,345.509 10.864,345.179 10.766,344.848 10.674,344.516 10.588,344.181 10.507,343.845 10.432,343.508 10.363,343.170 10.300,342.830 10.243,342.490 10.192,342.148 10.147,341.806 10.108,341.463 10.075,341.119 10.048,340.775 10.027,340.430 10.012,340.085 10.003,339.740 10.001,339.495 10.000,339.495 10.000,339.385 29.568,339.385 29.568,339.406 29.569,339.410 29.569,339.418 29.570,339.421 29.570,339.425 29.571,339.429 29.571,339.432 29.574,339.444 29.575,339.447 29.576,339.451 29.577,339.454 29.579,339.462 29.580,339.465 29.581,339.469 29.582,339.472 29.584,339.476 29.585,339.479 29.587,339.483 29.588,339.486 29.590,339.490 29.592,339.493 29.593,339.496 29.595,339.500 29.601,339.509 29.603,339.513 29.609,339.522 29.612,339.525 29.616,339.531 29.619,339.534 29.621,339.537 29.624,339.539 29.626,339.542 29.629,339.545 29.631,339.548 29.634,339.550 29.637,339.553 29.640,339.555 29.642,339.558 29.645,339.560 29.648,339.563 29.654,339.567 29.657,339.570 29.666,339.576 29.670,339.578 29.679,339.584 29.683,339.586 29.686,339.587 29.689,339.589 29.693,339.591 29.696,339.592 29.700,339.594 29.703,339.595 29.707,339.597 29.710,339.598 29.714,339.599 29.717,339.600 29.725,339.602 29.728,339.603 29.732,339.604 29.735,339.605 29.747,339.608 29.750,339.608 29.754,339.609 29.758,339.609 29.761,339.610 29.769,339.610 29.773,339.611 29.794,339.611;
ADD P12 :W0.000000  30.094,358.879 29.808,358.879 29.444,358.876 29.104,358.867 28.765,358.852 28.425,358.832 28.086,358.805 27.747,358.773 27.410,358.734 27.073,358.690 26.736,358.640 26.401,358.584 26.066,358.522 25.734,358.454 25.402,358.380 25.070,358.300 24.740,358.215 24.414,358.125 24.088,358.028 23.763,357.926 23.441,357.817 23.120,357.704 22.801,357.585 22.486,357.461 22.171,357.330 21.859,357.195 21.550,357.054 21.243,356.907 20.938,356.756 20.637,356.598 20.337,356.436 20.042,356.269 19.749,356.096 19.459,355.919 19.172,355.735 18.889,355.548 18.608,355.355 18.332,355.158 18.059,354.956 17.788,354.748 17.522,354.537 17.260,354.321 17.001,354.100 16.747,353.874 16.495,353.644 16.249,353.411 16.006,353.173 15.768,352.930 15.535,352.684 15.305,352.432 15.079,352.178 14.858,351.919 14.642,351.657 14.431,351.391 14.223,351.120 14.021,350.847 13.824,350.571 13.631,350.290 13.444,350.007 13.260,349.720 13.083,349.430 12.910,349.137 12.743,348.842 12.581,348.542 12.423,348.241 12.272,347.936 12.125,347.629 11.984,347.320 11.849,347.008 11.718,346.693 11.594,346.378 11.475,346.059 11.362,345.738 11.253,345.416 11.151,345.091 11.054,344.765 10.964,344.439 10.879,344.109 10.799,343.777 10.725,343.445 10.657,343.113 10.595,342.778 10.539,342.443 10.489,342.106 10.445,341.769 10.406,341.432 10.374,341.093 10.347,340.754 10.327,340.414 10.312,340.075 10.303,339.735 10.300,339.371 10.300,339.085 29.268,339.085 29.268,339.443 29.269,339.447 29.269,339.467 29.275,339.484 29.286,339.528 29.287,339.531 29.288,339.535 29.289,339.538 29.291,339.546 29.292,339.549 29.293,339.553 29.304,339.587 29.306,339.591 29.307,339.594 29.309,339.598 29.310,339.601 29.335,339.651 29.341,339.660 29.343,339.664 29.376,339.713 29.379,339.716 29.383,339.722 29.386,339.725 29.405,339.753 29.409,339.757 29.415,339.764 29.422,339.770 29.426,339.774 29.454,339.793 29.457,339.796 29.463,339.800 29.466,339.803 29.515,339.836 29.519,339.838 29.528,339.844 29.578,339.869 29.581,339.870 29.585,339.872 29.588,339.873 29.592,339.875 29.626,339.886 29.630,339.887 29.633,339.888 29.641,339.890 29.644,339.891 29.648,339.892 29.651,339.893 29.695,339.904 29.712,339.910 29.732,339.910 29.736,339.911 30.094,339.911;
ADD P11 :W0.000000  30.294,359.679 29.284,359.679 29.076,359.667 28.722,359.651 28.369,359.630 28.016,359.602 27.664,359.568 27.312,359.528 26.961,359.482 26.611,359.429 26.262,359.371 25.914,359.306 25.567,359.236 25.221,359.159 24.877,359.077 24.534,358.988 24.193,358.893 23.853,358.793 23.516,358.686 23.180,358.574 22.846,358.456 22.515,358.332 22.185,358.202 21.858,358.067 21.534,357.925 21.212,357.779 20.892,357.626 20.575,357.468 20.261,357.305 19.950,357.136 19.642,356.962 19.337,356.782 19.035,356.597 18.736,356.407 18.441,356.211 18.149,356.011 17.861,355.805 17.577,355.595 17.296,355.379 17.019,355.159 16.746,354.934 16.476,354.704 16.211,354.469 15.950,354.230 15.693,353.986 15.441,353.738 15.193,353.486 14.949,353.229 14.710,352.968 14.475,352.703 14.245,352.433 14.020,352.160 13.800,351.883 13.584,351.602 13.374,351.318 13.168,351.030 12.968,350.738 12.772,350.443 12.582,350.144 12.397,349.842 12.217,349.537 12.043,349.229 11.874,348.918 11.711,348.604 11.553,348.287 11.400,347.967 11.254,347.645 11.112,347.321 10.977,346.994 10.847,346.664 10.723,346.333 10.605,345.999 10.493,345.663 10.386,345.326 10.286,344.986 10.191,344.645 10.102,344.302 10.020,343.958 9.943,343.612 9.873,343.265 9.808,342.917 9.750,342.568 9.697,342.218 9.651,341.867 9.611,341.515 9.577,341.163 9.549,340.810 9.528,340.457 9.512,340.103 9.500,339.895 9.500,338.885 30.068,338.885 30.068,339.111 30.294,339.111;
ADD P10 :W0.000000  30.794,358.179 29.811,358.179 29.456,358.176 29.129,358.168 28.801,358.153 28.474,358.133 28.147,358.108 27.820,358.076 27.495,358.039 27.170,357.997 26.845,357.948 26.523,357.894 26.200,357.834 25.880,357.769 25.560,357.698 25.240,357.621 24.921,357.539 24.606,357.452 24.292,357.359 23.980,357.260 23.669,357.156 23.359,357.046 23.052,356.931 22.748,356.812 22.445,356.685 22.143,356.555 21.846,356.420 21.550,356.278 21.257,356.132 20.965,355.980 20.676,355.824 20.393,355.663 20.109,355.496 19.830,355.325 19.554,355.148 19.280,354.968 19.009,354.782 18.743,354.592 18.481,354.397 18.219,354.196 17.962,353.992 17.710,353.785 17.461,353.572 17.215,353.354 16.972,353.132 16.735,352.907 16.501,352.678 16.272,352.444 16.047,352.207 15.825,351.964 15.607,351.718 15.394,351.469 15.187,351.217 14.983,350.960 14.782,350.698 14.587,350.436 14.397,350.170 14.211,349.899 14.031,349.625 13.854,349.349 13.683,349.070 13.516,348.786 13.355,348.503 13.199,348.214 13.047,347.922 12.901,347.629 12.759,347.333 12.624,347.036 12.494,346.734 12.367,346.431 12.248,346.127 12.133,345.820 12.023,345.510 11.919,345.199 11.820,344.887 11.727,344.573 11.640,344.258 11.558,343.939 11.481,343.619 11.410,343.299 11.345,342.979 11.285,342.656 11.231,342.334 11.182,342.009 11.140,341.684 11.103,341.359 11.071,341.032 11.046,340.705 11.026,340.378 11.011,340.050 11.003,339.723 11.000,339.368 11.000,338.385 28.568,338.385 28.568,339.529 28.569,339.533 28.569,339.580 28.602,339.680 28.613,339.724 28.614,339.727 28.615,339.731 28.616,339.734 28.618,339.742 28.619,339.745 28.620,339.749 28.656,339.856 28.658,339.860 28.659,339.863 28.661,339.867 28.662,339.870 28.728,340.003 28.734,340.012 28.736,340.016 28.832,340.159 28.835,340.162 28.839,340.168 28.842,340.171 28.900,340.258 28.905,340.261 28.910,340.269 28.918,340.274 28.921,340.279 29.008,340.337 29.011,340.340 29.017,340.344 29.020,340.347 29.163,340.443 29.167,340.445 29.176,340.451 29.309,340.517 29.312,340.518 29.316,340.520 29.319,340.521 29.323,340.523 29.430,340.559 29.434,340.560 29.437,340.561 29.445,340.563 29.448,340.564 29.452,340.565 29.455,340.566 29.499,340.577 29.599,340.610 29.646,340.610 29.650,340.611 30.794,340.611;
ADD P9 :W0.000000  10.000,339.395 10.000,26.000 29.568,26.000 29.568,339.395;
ADD P12 :W0.000000  10.300,339.095 10.300,26.300 29.268,26.300 29.268,339.095;
ADD P11 :W0.000000  9.500,339.895 9.500,25.500 30.068,25.500 30.068,339.895;
ADD P10 :W0.000000  11.000,338.395 11.000,27.000 28.568,27.000 28.568,338.395;
SAVE;
