UNITS UM,1000;
EDIT proj;
ADD P3 :W0.000000  -104.000,11.982 -104.000,15.082 -106.118,17.200 -117.282,17.200 -119.400,15.082 -119.400,-15.082 -117.282,-17.200 -106.118,-17.200 -104.000,-15.082 -104.000,-11.982 -102.118,-10.100 -100.622,-10.100 -98.122,-7.800 -17.782,-7.800 -15.782,-9.800 -13.000,-9.800 -13.000,-7.200 -98.122,-7.200 -100.622,-4.900 -102.118,-4.900 -104.000,-3.018 -104.000,3.018 -102.118,4.900 -100.622,4.900 -98.122,7.200 -13.000,7.200 -13.000,9.800 -15.782,9.800 -17.782,7.800 -98.122,7.800 -100.622,10.100 -102.118,10.100;
ADD P9 :W0.000000  -106.200,-9.000 -101.407,-9.000 -101.200,-8.793 -101.200,-6.207 -101.407,-6.000 -106.200,-6.000;
ADD P9 :W0.000000  -106.200,6.000 -101.407,6.000 -101.200,6.207 -101.200,8.793 -101.407,9.000 -106.200,9.000;
ADD P9 :W0.000000  -97.200,-22.586 -97.200,-11.414 -95.786,-10.000 -20.614,-10.000 -19.200,-11.414 -19.200,-22.586 -20.614,-24.000 -95.786,-24.000;
ADD P9 :W0.000000  -97.200,11.414 -97.200,22.586 -95.786,24.000 -20.614,24.000 -19.200,22.586 -19.200,11.414 -20.614,10.000 -95.786,10.000;
ADD P9 :W0.000000  -97.200,-3.586 -97.200,3.586 -95.786,5.000 -20.614,5.000 -19.200,3.586 -19.200,-3.586 -20.614,-5.000 -95.786,-5.000;
ADD P9 :W0.000000  -22.200,-5.000 0.300,-5.000 0.300,5.000 -22.200,5.000;
ADD P9 :W0.000000  -9.200,-5.000 0.300,-5.000 0.300,5.000 -9.200,5.000;
ADD P9 :W0.000000  -118.450,-14.689 -118.450,14.689 -116.889,16.250 -106.511,16.250 -104.950,14.689 -104.950,-14.689 -106.511,-16.250 -116.889,-16.250;
ADD P9 :W0.000000  -118.450,-14.689 -104.950,-14.689 -104.950,14.689 -118.450,14.689;
ADD P7 :W0.000000  -103.700,-8.500 -101.700,-8.500 -101.700,-6.500 -103.700,-6.500;
ADD P7 :W0.000000  -103.700,6.500 -101.700,6.500 -101.700,8.500 -103.700,8.500;
ADD P7 :W0.000000  -96.700,-22.379 -96.700,-11.621 -95.579,-10.500 -20.821,-10.500 -19.700,-11.621 -19.700,-22.379 -20.821,-23.500 -95.579,-23.500;
ADD P7 :W0.000000  -96.700,11.621 -96.700,22.379 -95.579,23.500 -20.821,23.500 -19.700,22.379 -19.700,11.621 -20.821,10.500 -95.579,10.500;
ADD P7 :W0.000000  -96.700,-3.379 -96.700,3.379 -95.579,4.500 -20.821,4.500 -19.700,3.379 -19.700,-3.379 -20.821,-4.500 -95.579,-4.500;
ADD P2 :W0.000000  -98.200,-23.000 -98.200,-11.000 -96.200,-9.000 -20.200,-9.000 -18.200,-11.000 -18.200,-23.000 -20.200,-25.000 -96.200,-25.000;
ADD P2 :W0.000000  -98.200,11.000 -98.200,23.000 -96.200,25.000 -20.200,25.000 -18.200,23.000 -18.200,11.000 -20.200,9.000 -96.200,9.000;
ADD P2 :W0.000000  -98.200,-4.000 -98.200,4.000 -96.200,6.000 -20.200,6.000 -18.200,4.000 -18.200,-4.000 -20.200,-6.000 -96.200,-6.000;
ADD P12 :W0.000000  -96.900,-22.462 -96.900,-11.538 -95.662,-10.300 -20.738,-10.300 -19.500,-11.538 -19.500,-22.462 -20.738,-23.700 -95.662,-23.700;
ADD P12 :W0.000000  -96.900,11.538 -96.900,22.462 -95.662,23.700 -20.738,23.700 -19.500,22.462 -19.500,11.538 -20.738,10.300 -95.662,10.300;
ADD P12 :W0.000000  -8.900,-4.700 0.000,-4.700 0.000,4.700 -8.900,4.700;
ADD P12 :W0.000000  -118.150,-14.565 -118.150,14.565 -116.765,15.950 -106.635,15.950 -105.250,14.565 -105.250,-14.565 -106.635,-15.950 -116.765,-15.950;
ADD P12 :W0.000000  -118.150,-14.565 -105.250,-14.565 -105.250,14.565 -118.150,14.565;
ADD P12 :W0.000000  -91.700,-23.700 -24.700,-23.700 -24.700,23.700 -91.700,23.700;
ADD P11 :W0.000000  -97.700,-22.793 -97.700,-11.207 -95.993,-9.500 -20.407,-9.500 -18.700,-11.207 -18.700,-22.793 -20.407,-24.500 -95.993,-24.500;
ADD P11 :W0.000000  -97.700,11.207 -97.700,22.793 -95.993,24.500 -20.407,24.500 -18.700,22.793 -18.700,11.207 -20.407,9.500 -95.993,9.500;
ADD P11 :W0.000000  -9.700,-5.500 0.800,-5.500 0.800,5.500 -9.700,5.500;
ADD P11 :W0.000000  -118.950,-14.896 -118.950,14.896 -117.096,16.750 -106.304,16.750 -104.450,14.896 -104.450,-14.896 -106.304,-16.750 -117.096,-16.750;
ADD P10 :W0.000000  -96.200,-22.172 -96.200,-11.828 -95.372,-11.000 -21.028,-11.000 -20.200,-11.828 -20.200,-22.172 -21.028,-23.000 -95.372,-23.000;
ADD P10 :W0.000000  -96.200,11.828 -96.200,22.172 -95.372,23.000 -21.028,23.000 -20.200,22.172 -20.200,11.828 -21.028,11.000 -95.372,11.000;
ADD P10 :W0.000000  -8.200,-4.000 -0.700,-4.000 -0.700,4.000 -8.200,4.000;
ADD P10 :W0.000000  -117.450,-14.275 -117.450,14.275 -116.475,15.250 -106.925,15.250 -105.950,14.275 -105.950,-14.275 -106.925,-15.250 -116.475,-15.250;
ADD P1 :W0.000000  -95.700,-24.000 -20.700,-24.000 -20.700,24.000 -95.700,24.000;
ADD L11 :W0.000000  -58.200,23.700 -58.200,25.700;
ADD L11 :W0.000000  -56.200,25.700 -60.200,25.700;
ADD L11 :W0.000000  -57.200,26.700 -59.200,26.700;
ADD L11 :W0.000000  -57.700,27.700 -58.700,27.700;
ADD P9 :W0.000000  -118.150,6.000 -358.150,6.000 -358.150,-6.000 -118.150,-6.000;
ADD P12 :W0.000000  -118.450,5.700 -357.850,5.700 -357.850,-5.700 -118.450,-5.700;
ADD P11 :W0.000000  -117.650,6.500 -358.650,6.500 -358.650,-6.500 -117.650,-6.500;
ADD P10 :W0.000000  -119.150,5.000 -357.150,5.000 -357.150,-5.000 -119.150,-5.000;
ADD P9 :W0.000000  -358.140,-6.000 -370.160,-6.000 -370.160,6.000 -370.150,6.000 -370.150,6.010 -358.150,6.010 -358.150,6.000 -358.140,6.000;
ADD P12 :W0.000000  -357.840,-5.700 -370.460,-5.700 -370.460,5.700 -369.850,5.700 -369.850,6.310 -358.450,6.310 -358.450,5.700 -357.840,5.700;
ADD P11 :W0.000000  -357.640,6.500 -357.650,6.500 -357.650,6.510 -370.650,6.510 -370.650,6.500 -370.660,6.500 -370.660,-6.500 -357.640,-6.500;
ADD P10 :W0.000000  -357.140,-5.000 -371.160,-5.000 -371.160,5.000 -369.150,5.000 -369.150,7.010 -359.150,7.010 -359.150,5.000 -357.140,5.000;
ADD P9 :W0.000000  -358.150,6.000 -358.150,56.000 -370.150,56.000 -370.150,6.000;
ADD P12 :W0.000000  -358.450,6.300 -358.450,55.700 -369.850,55.700 -369.850,6.300;
ADD P11 :W0.000000  -357.650,5.500 -357.650,56.500 -370.650,56.500 -370.650,5.500;
ADD P10 :W0.000000  -359.150,7.000 -359.150,55.000 -369.150,55.000 -369.150,7.000;
ADD P9 :W0.000000  -358.150,86.010 -358.150,55.990 -370.150,55.990 -370.150,56.000 -370.160,56.000 -370.160,86.000 -370.150,86.000 -370.150,86.010;
ADD P12 :W0.000000  -358.450,86.310 -358.450,55.690 -369.850,55.690 -369.850,56.300 -370.460,56.300 -370.460,85.700 -369.850,85.700 -369.850,86.310;
ADD P11 :W0.000000  -370.650,86.510 -370.650,86.500 -370.660,86.500 -370.660,55.500 -370.650,55.500 -370.650,55.490 -357.650,55.490 -357.650,86.510;
ADD P10 :W0.000000  -359.150,87.010 -359.150,54.990 -369.150,54.990 -369.150,57.000 -371.160,57.000 -371.160,85.000 -369.150,85.000 -369.150,87.010;
ADD P9 :W0.000000  -380.150,65.000 -370.150,65.000 -370.150,77.000 -380.150,77.000;
ADD P6 :W0.000000  -425.150,63.000 -382.150,63.000 -382.150,79.000 -425.150,79.000;
ADD P12 :W0.000000  -427.150,65.000 -394.150,65.000 -394.150,77.000 -427.150,77.000;
ADD P12 :W0.000000  -389.150,65.000 -380.150,65.000 -380.150,77.000 -389.150,77.000;
ADD P9 :W0.000000  -413.150,64.000 -383.150,64.000 -383.150,78.000 -413.150,78.000;
ADD P9 :W0.000000  -424.150,64.000 -417.150,64.000 -417.150,78.000 -424.150,78.000;
ADD P11 :W0.000000  -412.150,64.500 -393.650,64.500 -393.650,77.500 -412.150,77.500;
ADD P11 :W0.000000  -423.650,64.500 -417.650,64.500 -417.650,77.500 -423.650,77.500;
ADD P11 :W0.000000  -389.650,64.500 -383.650,64.500 -383.650,77.500 -389.650,77.500;
ADD P7 :W0.000000  -422.650,65.500 -418.650,65.500 -418.650,76.500 -422.650,76.500;
ADD P10 :W0.000000  -422.150,66.000 -419.150,66.000 -419.150,76.000 -422.150,76.000;
ADD P10 :W0.000000  -388.150,66.000 -385.150,66.000 -385.150,76.000 -388.150,76.000;
ADD P12 :W0.000000  -437.150,65.300 -427.150,65.300 -427.150,76.700 -437.150,76.700;
ADD L11 :W0.000000  -437.150,71.000 -439.150,71.000;
ADD L11 :W0.000000  -439.150,73.000 -439.150,69.000;
ADD L11 :W0.000000  -440.150,72.000 -440.150,70.000;
ADD L11 :W0.000000  -441.150,71.500 -441.150,70.500;
ADD P9 :W0.000000  -358.150,86.000 -358.150,336.000 -370.150,336.000 -370.150,86.000;
ADD P12 :W0.000000  -358.450,86.300 -358.450,335.700 -369.850,335.700 -369.850,86.300;
ADD P11 :W0.000000  -357.650,85.500 -357.650,336.500 -370.650,336.500 -370.650,85.500;
ADD P10 :W0.000000  -359.150,87.000 -359.150,335.000 -369.150,335.000 -369.150,87.000;
ADD P9 :W0.000000  -358.150,366.010 -358.150,335.990 -370.150,335.990 -370.150,336.000 -370.160,336.000 -370.160,366.000 -370.150,366.000 -370.150,366.010;
ADD P12 :W0.000000  -358.450,366.310 -358.450,335.690 -369.850,335.690 -369.850,336.300 -370.460,336.300 -370.460,365.700 -369.850,365.700 -369.850,366.310;
ADD P11 :W0.000000  -370.650,366.510 -370.650,366.500 -370.660,366.500 -370.660,335.500 -370.650,335.500 -370.650,335.490 -357.650,335.490 -357.650,366.510;
ADD P10 :W0.000000  -359.150,367.010 -359.150,334.990 -369.150,334.990 -369.150,337.000 -371.160,337.000 -371.160,365.000 -369.150,365.000 -369.150,367.010;
ADD P9 :W0.000000  -380.150,336.000 -370.150,336.000 -370.150,366.000 -380.150,366.000;
ADD P6 :W0.000000  -487.150,309.000 -382.150,309.000 -382.150,393.000 -487.150,393.000;
ADD P12 :W0.000000  -489.150,311.000 -394.150,311.000 -394.150,391.000 -489.150,391.000;
ADD P12 :W0.000000  -389.150,311.000 -380.150,311.000 -380.150,391.000 -389.150,391.000;
ADD P9 :W0.000000  -475.150,310.000 -383.150,310.000 -383.150,392.000 -475.150,392.000;
ADD P9 :W0.000000  -486.150,310.000 -479.150,310.000 -479.150,392.000 -486.150,392.000;
ADD P11 :W0.000000  -474.150,310.500 -393.650,310.500 -393.650,391.500 -474.150,391.500;
ADD P11 :W0.000000  -485.650,310.500 -479.650,310.500 -479.650,391.500 -485.650,391.500;
ADD P11 :W0.000000  -389.650,310.500 -383.650,310.500 -383.650,391.500 -389.650,391.500;
ADD P7 :W0.000000  -484.650,311.500 -480.650,311.500 -480.650,390.500 -484.650,390.500;
ADD P10 :W0.000000  -484.150,312.000 -481.150,312.000 -481.150,390.000 -484.150,390.000;
ADD P10 :W0.000000  -388.150,312.000 -385.150,312.000 -385.150,390.000 -388.150,390.000;
ADD P12 :W0.000000  -499.150,336.200 -489.150,336.200 -489.150,365.800 -499.150,365.800;
ADD L11 :W0.000000  -499.150,351.000 -501.150,351.000;
ADD L11 :W0.000000  -501.150,353.000 -501.150,349.000;
ADD L11 :W0.000000  -502.150,352.000 -502.150,350.000;
ADD L11 :W0.000000  -503.150,351.500 -503.150,350.500;
ADD P9 :W0.000000  -358.150,366.000 -358.150,466.000 -370.150,466.000 -370.150,366.000;
ADD P12 :W0.000000  -358.450,366.300 -358.450,465.700 -369.850,465.700 -369.850,366.300;
ADD P11 :W0.000000  -357.650,365.500 -357.650,466.500 -370.650,466.500 -370.650,365.500;
ADD P10 :W0.000000  -359.150,367.000 -359.150,465.000 -369.150,465.000 -369.150,367.000;
ADD P9 :W0.000000  -370.150,6.000 -520.150,6.000 -520.150,-6.000 -370.150,-6.000;
ADD P12 :W0.000000  -370.450,5.700 -519.850,5.700 -519.850,-5.700 -370.450,-5.700;
ADD P11 :W0.000000  -369.650,6.500 -520.650,6.500 -520.650,-6.500 -369.650,-6.500;
ADD P10 :W0.000000  -371.150,5.000 -519.150,5.000 -519.150,-5.000 -371.150,-5.000;
ADD P9 :W0.000000  -526.150,0.000 -526.150,-100.000 -514.150,-100.000 -514.150,0.000;
ADD P12 :W0.000000  -525.850,-0.300 -525.850,-99.700 -514.450,-99.700 -514.450,-0.300;
ADD P11 :W0.000000  -526.650,0.500 -526.650,-100.500 -513.650,-100.500 -513.650,0.500;
ADD P10 :W0.000000  -525.150,-1.000 -525.150,-99.000 -515.150,-99.000 -515.150,-1.000;
ADD P9 :W0.000000  -530.150,-6.000 -520.150,-6.000 -520.150,6.000 -530.150,6.000;
ADD P11 :W0.000000  -533.150,15.500 -583.650,15.500 -583.650,-15.500 -533.150,-15.500;
ADD P9 :W0.000000  -532.650,16.000 -584.650,16.000 -584.650,-16.000 -532.650,-16.000;
ADD P12 :W0.000000  -530.150,15.000 -583.150,15.000 -583.150,-15.000 -530.150,-15.000;
ADD P12 :W0.000000  -594.650,-5.700 -584.650,-5.700 -584.650,5.700 -594.650,5.700;
ADD P9 :W0.000000  80.000,6.000 0.000,6.000 0.000,-6.000 80.000,-6.000;
ADD P12 :W0.000000  79.700,5.700 0.300,5.700 0.300,-5.700 79.700,-5.700;
ADD P11 :W0.000000  80.500,6.500 -0.500,6.500 -0.500,-6.500 80.500,-6.500;
ADD P10 :W0.000000  79.000,5.000 1.000,5.000 1.000,-5.000 79.000,-5.000;
ADD P9 :W0.000000  92.010,-6.000 79.990,-6.000 79.990,6.000 80.000,6.000 80.000,6.010 92.000,6.010 92.000,6.000 92.010,6.000;
ADD P12 :W0.000000  92.310,-5.700 79.690,-5.700 79.690,5.700 80.300,5.700 80.300,6.310 91.700,6.310 91.700,5.700 92.310,5.700;
ADD P11 :W0.000000  92.510,6.500 92.500,6.500 92.500,6.510 79.500,6.510 79.500,6.500 79.490,6.500 79.490,-6.500 92.510,-6.500;
ADD P10 :W0.000000  93.010,-5.000 78.990,-5.000 78.990,5.000 81.000,5.000 81.000,7.010 91.000,7.010 91.000,5.000 93.010,5.000;
ADD P9 :W0.000000  80.000,356.000 80.000,6.000 92.000,6.000 92.000,356.000;
ADD P12 :W0.000000  80.300,355.700 80.300,6.300 91.700,6.300 91.700,355.700;
ADD P11 :W0.000000  79.500,356.500 79.500,5.500 92.500,5.500 92.500,356.500;
ADD P10 :W0.000000  81.000,355.000 81.000,7.000 91.000,7.000 91.000,355.000;
ADD P9 :W0.000000  80.000,355.990 80.000,396.010 92.000,396.010 92.000,396.000 92.010,396.000 92.010,356.000 92.000,356.000 92.000,355.990;
ADD P12 :W0.000000  80.300,355.690 80.300,396.310 91.700,396.310 91.700,395.700 92.310,395.700 92.310,356.300 91.700,356.300 91.700,355.690;
ADD P11 :W0.000000  92.500,355.490 92.500,355.500 92.510,355.500 92.510,396.500 92.500,396.500 92.500,396.510 79.500,396.510 79.500,355.490;
ADD P10 :W0.000000  81.000,354.990 81.000,397.010 91.000,397.010 91.000,395.000 93.010,395.000 93.010,357.000 91.000,357.000 91.000,354.990;
ADD P8 :W0.000000  102.000,396.000 93.000,396.000 93.000,356.000 102.000,356.000;
ADD P9 :W0.000000  103.000,396.500 100.000,396.500 100.000,355.500 103.000,355.500;
ADD P9 :W0.000000  95.000,396.500 92.000,396.500 92.000,355.500 95.000,355.500;
ADD P12 :W0.000000  103.000,356.200 113.000,356.200 113.000,395.800 103.000,395.800;
ADD P6 :W0.000000  115.000,354.000 149.000,354.000 149.000,398.000 115.000,398.000;
ADD P12 :W0.000000  113.000,356.000 137.000,356.000 137.000,396.000 113.000,396.000;
ADD P12 :W0.000000  142.000,356.000 151.000,356.000 151.000,396.000 142.000,396.000;
ADD P9 :W0.000000  127.000,355.000 148.000,355.000 148.000,397.000 127.000,397.000;
ADD P9 :W0.000000  116.000,355.000 123.000,355.000 123.000,397.000 116.000,397.000;
ADD P11 :W0.000000  128.000,355.500 137.500,355.500 137.500,396.500 128.000,396.500;
ADD P11 :W0.000000  116.500,355.500 122.500,355.500 122.500,396.500 116.500,396.500;
ADD P11 :W0.000000  141.500,355.500 147.500,355.500 147.500,396.500 141.500,396.500;
ADD P7 :W0.000000  117.500,356.500 121.500,356.500 121.500,395.500 117.500,395.500;
ADD P10 :W0.000000  118.000,357.000 121.000,357.000 121.000,395.000 118.000,395.000;
ADD P10 :W0.000000  143.000,357.000 146.000,357.000 146.000,395.000 143.000,395.000;
ADD P9 :W0.000000  151.000,356.000 161.000,356.000 161.000,396.000 151.000,396.000;
ADD L11 :W0.000000  161.000,376.000 163.000,376.000;
ADD L11 :W0.000000  163.000,374.000 163.000,378.000;
ADD L11 :W0.000000  164.000,375.000 164.000,377.000;
ADD L11 :W0.000000  165.000,375.500 165.000,376.500;
ADD P9 :W0.000000  80.000,621.000 80.000,396.000 92.000,396.000 92.000,621.000;
ADD P12 :W0.000000  80.300,620.700 80.300,396.300 91.700,396.300 91.700,620.700;
ADD P11 :W0.000000  79.500,621.500 79.500,395.500 92.500,395.500 92.500,621.500;
ADD P10 :W0.000000  81.000,620.000 81.000,397.000 91.000,397.000 91.000,620.000;
ADD P9 :W0.000000  80.000,620.990 80.000,701.010 92.000,701.010 92.000,701.000 92.010,701.000 92.010,621.000 92.000,621.000 92.000,620.990;
ADD P12 :W0.000000  80.300,620.690 80.300,701.310 91.700,701.310 91.700,700.700 92.310,700.700 92.310,621.300 91.700,621.300 91.700,620.690;
ADD P11 :W0.000000  92.500,620.490 92.500,620.500 92.510,620.500 92.510,701.500 92.500,701.500 92.500,701.510 79.500,701.510 79.500,620.490;
ADD P10 :W0.000000  81.000,619.990 81.000,702.010 91.000,702.010 91.000,700.000 93.010,700.000 93.010,622.000 91.000,622.000 91.000,619.990;
ADD P12 :W0.000000  92.000,621.200 102.000,621.200 102.000,700.800 92.000,700.800;
ADD P6 :W0.000000  104.000,619.000 209.000,619.000 209.000,703.000 104.000,703.000;
ADD P12 :W0.000000  102.000,621.000 197.000,621.000 197.000,701.000 102.000,701.000;
ADD P12 :W0.000000  202.000,621.000 211.000,621.000 211.000,701.000 202.000,701.000;
ADD P9 :W0.000000  116.000,620.000 208.000,620.000 208.000,702.000 116.000,702.000;
ADD P9 :W0.000000  105.000,620.000 112.000,620.000 112.000,702.000 105.000,702.000;
ADD P11 :W0.000000  117.000,620.500 197.500,620.500 197.500,701.500 117.000,701.500;
ADD P11 :W0.000000  105.500,620.500 111.500,620.500 111.500,701.500 105.500,701.500;
ADD P11 :W0.000000  201.500,620.500 207.500,620.500 207.500,701.500 201.500,701.500;
ADD P7 :W0.000000  106.500,621.500 110.500,621.500 110.500,700.500 106.500,700.500;
ADD P10 :W0.000000  107.000,622.000 110.000,622.000 110.000,700.000 107.000,700.000;
ADD P10 :W0.000000  203.000,622.000 206.000,622.000 206.000,700.000 203.000,700.000;
ADD P9 :W0.000000  211.000,621.000 221.000,621.000 221.000,701.000 211.000,701.000;
ADD L11 :W0.000000  221.000,661.000 223.000,661.000;
ADD L11 :W0.000000  223.000,659.000 223.000,663.000;
ADD L11 :W0.000000  224.000,660.000 224.000,662.000;
ADD L11 :W0.000000  225.000,660.500 225.000,661.500;
ADD P8 :W0.000000  80.000,722.000 80.000,702.000 92.000,702.000 92.000,722.000;
ADD P9 :W0.000000  79.500,723.000 79.500,720.000 92.500,720.000 92.500,723.000;
ADD P9 :W0.000000  79.500,704.000 79.500,701.000 92.500,701.000 92.500,704.000;
ADD P9 :W0.000000  642.000,6.000 92.000,6.000 92.000,-6.000 642.000,-6.000;
ADD P12 :W0.000000  641.700,5.700 92.300,5.700 92.300,-5.700 641.700,-5.700;
ADD P11 :W0.000000  642.500,6.500 91.500,6.500 91.500,-6.500 642.500,-6.500;
ADD P10 :W0.000000  641.000,5.000 93.000,5.000 93.000,-5.000 641.000,-5.000;
ADD P9 :W0.000000  652.000,6.000 642.000,6.000 642.000,-6.000 652.000,-6.000;
ADD P11 :W0.000000  655.000,-23.000 703.000,-23.000 703.000,23.000 655.000,23.000;
ADD P9 :W0.000000  654.500,-23.500 704.000,-23.500 704.000,23.500 654.500,23.500;
ADD P12 :W0.000000  652.000,-22.500 702.500,-22.500 702.500,22.500 652.000,22.500;
ADD P12 :W0.000000  714.000,5.700 704.000,5.700 704.000,-5.700 714.000,-5.700;
ADD P9 :W0.000000  648.000,-300.000 648.000,0.000 636.000,0.000 636.000,-300.000;
ADD P12 :W0.000000  647.700,-299.700 647.700,-0.300 636.300,-0.300 636.300,-299.700;
ADD P11 :W0.000000  648.500,-300.500 648.500,0.500 635.500,0.500 635.500,-300.500;
ADD P10 :W0.000000  647.000,-299.000 647.000,-1.000 637.000,-1.000 637.000,-299.000;
SAVE;
